#B t w E C M M2 Binder Y QQ JJ
0.20000  0.20000  0.40000  8.00000  2.70711  3.41438  0.01743  0.02182  0.00925  0.00002  0.33286  0.20000  0.20000  0.40000  8.00000  0.88777  1.17422  0.02893  0.00023  0.33320  0.02892  0.00023  0.33167  0.00000  0.14800  0.09449  0.14814  0.14814  0.09425  2.46605  2.46694  0.11368  -0.11373  -0.00000  0.00002  -0.00010  0.00001  0.00000  0.00000  0.00000  0.00000  0.00000  0.00000  0.00000  0.00000  0.00000  0.00000  0.00000  0.00000  0.00000  0.00000  0.00000  0.00000  0.00000  0.00000  0.00000  0.00000  0.00000  0.00000  0.00000  0.00000  0.00000  0.00000  0.00000  0.00000  
0.20000  0.20000  0.40000  8.00000  2.69088  3.43694  0.01743  0.02181  0.00930  0.00002  0.33256  0.30000  0.20000  0.40000  8.00000  0.80778  1.26534  0.02947  0.00024  0.33211  0.02942  0.00024  0.33325  0.00000  0.14808  0.09410  0.14807  0.14807  0.09406  2.46357  2.46220  0.11372  -0.11375  0.00012  -0.00001  0.00004  -0.00013  0.00000  0.00000  0.00000  0.00000  0.00000  0.00000  0.00000  0.00000  0.00000  0.00000  0.00000  0.00000  0.00000  0.00000  0.00000  0.00000  0.00000  0.00000  0.00000  0.00000  0.00000  0.00000  0.00000  0.00000  0.00000  0.00000  0.00000  0.00000  
0.20000  0.20000  0.40000  8.00000  2.66690  3.45297  0.01739  0.02181  0.00933  0.00002  0.33384  0.40000  0.20000  0.40000  8.00000  0.68907  1.43635  0.03010  0.00025  0.33257  0.03014  0.00025  0.33363  0.00000  0.14828  0.09425  0.14789  0.14789  0.09420  2.46546  2.45891  0.11368  -0.11368  0.00039  -0.00001  0.00007  -0.00027  0.00000  0.00000  0.00000  0.00000  0.00000  0.00000  0.00000  0.00000  0.00000  0.00000  0.00000  0.00000  0.00000  0.00000  0.00000  0.00000  0.00000  0.00000  0.00000  0.00000  0.00000  0.00000  0.00000  0.00000  0.00000  0.00000  0.00000  0.00000  
0.20000  0.20000  0.40000  8.00000  2.63225  3.51893  0.01734  0.02181  0.00939  0.00002  0.33331  0.50000  0.20000  0.40000  8.00000  0.51918  1.77319  0.03082  0.00026  0.33414  0.03081  0.00026  0.33297  0.00000  0.14760  0.09377  0.14715  0.14714  0.09314  2.43907  2.42654  0.11357  -0.11359  0.00103  0.00012  -0.00009  -0.00107  0.00000  0.00000  0.00000  0.00000  0.00000  0.00000  0.00000  0.00000  0.00000  0.00000  0.00000  0.00000  0.00000  0.00000  0.00000  0.00000  0.00000  0.00000  0.00000  0.00000  0.00000  0.00000  0.00000  0.00000  0.00000  0.00000  0.00000  0.00000  
0.20000  0.20000  0.40000  8.00000  2.58048  3.71626  0.01696  0.02180  0.00947  0.00002  0.33325  0.60000  0.20000  0.40000  8.00000  0.26601  2.58288  0.03188  0.00028  0.33496  0.03191  0.00028  0.33362  0.00000  0.14405  0.09039  0.14392  0.14392  0.09020  2.30863  2.30507  0.11269  -0.11270  0.00375  -0.00009  0.00003  -0.00374  0.00000  0.00000  0.00000  0.00000  0.00000  0.00000  0.00000  0.00000  0.00000  0.00000  0.00000  0.00000  0.00000  0.00000  0.00000  0.00000  0.00000  0.00000  0.00000  0.00000  0.00000  0.00000  0.00000  0.00000  0.00000  0.00000  0.00000  0.00000  
0.20000  0.20000  0.40000  8.00000  2.48230  4.12312  0.01411  0.02176  0.00962  0.00003  0.33216  0.70000  0.20000  0.40000  8.00000  -0.20812  4.34617  0.03388  0.00031  0.33613  0.03384  0.00031  0.33315  0.00000  0.11806  0.06387  0.11843  0.11843  0.06437  1.26442  1.28314  0.10356  -0.10356  0.02307  -0.00004  -0.00001  -0.02246  0.00000  0.00000  0.00000  0.00000  0.00000  0.00000  0.00000  0.00000  0.00000  0.00000  0.00000  0.00000  0.00000  0.00000  0.00000  0.00000  0.00000  0.00000  0.00000  0.00000  0.00000  0.00000  0.00000  0.00000  0.00000  0.00000  0.00000  0.00000  
0.20000  0.20000  0.40000  8.00000  2.39223  3.78072  0.01280  0.02175  0.00970  0.00003  0.33264  0.80000  0.20000  0.40000  8.00000  -0.64421  2.94486  0.03514  0.00034  0.33536  0.03511  0.00034  0.33548  0.00000  0.10591  0.05171  0.10591  0.10591  0.05171  0.78177  0.78530  0.09908  -0.09912  0.02813  -0.00004  -0.00002  -0.02768  0.00000  0.00000  0.00000  0.00000  0.00000  0.00000  0.00000  0.00000  0.00000  0.00000  0.00000  0.00000  0.00000  0.00000  0.00000  0.00000  0.00000  0.00000  0.00000  0.00000  0.00000  0.00000  0.00000  0.00000  0.00000  0.00000  0.00000  0.00000  
0.20000  0.20000  0.40000  8.00000  2.11731  3.58847  0.01185  0.02171  0.00987  0.00003  0.33406  1.20000  0.20000  0.40000  8.00000  -1.99621  2.08681  0.03713  0.00038  0.33598  0.03710  0.00037  0.33441  0.00000  0.09646  0.04216  0.09641  0.09641  0.04222  0.40851  0.41010  0.09568  -0.09570  0.02262  -0.00013  0.00000  -0.02237  0.00000  0.00000  0.00000  0.00000  0.00000  0.00000  0.00000  0.00000  0.00000  0.00000  0.00000  0.00000  0.00000  0.00000  0.00000  0.00000  0.00000  0.00000  0.00000  0.00000  0.00000  0.00000  0.00000  0.00000  0.00000  0.00000  0.00000  0.00000  
0.20000  0.20000  0.40000  8.00000  1.86612  3.56193  0.01154  0.02169  0.00996  0.00003  0.33370  1.60000  0.20000  0.40000  8.00000  -3.23897  1.91034  0.03794  0.00039  0.33187  0.03789  0.00039  0.33382  0.00000  0.09343  0.03927  0.09342  0.09342  0.03915  0.29072  0.28993  0.09454  -0.09454  0.01802  0.00004  -0.00001  -0.01769  0.00000  0.00000  0.00000  0.00000  0.00000  0.00000  0.00000  0.00000  0.00000  0.00000  0.00000  0.00000  0.00000  0.00000  0.00000  0.00000  0.00000  0.00000  0.00000  0.00000  0.00000  0.00000  0.00000  0.00000  0.00000  0.00000  0.00000  0.00000  
0.20000  0.20000  0.40000  8.00000  1.61997  3.52398  0.01138  0.02168  0.00999  0.00003  0.33320  2.00000  0.20000  0.40000  8.00000  -4.46091  1.82604  0.03849  0.00040  0.33462  0.03851  0.00040  0.33615  0.00000  0.09172  0.03763  0.09173  0.09173  0.03754  0.22538  0.22519  0.09384  -0.09382  0.01478  0.00006  0.00017  -0.01466  0.00000  0.00000  0.00000  0.00000  0.00000  0.00000  0.00000  0.00000  0.00000  0.00000  0.00000  0.00000  0.00000  0.00000  0.00000  0.00000  0.00000  0.00000  0.00000  0.00000  0.00000  0.00000  0.00000  0.00000  0.00000  0.00000  0.00000  0.00000  
0.20000  0.20000  0.40000  8.00000  1.37576  3.53460  0.01128  0.02167  0.01000  0.00003  0.33193  2.40000  0.20000  0.40000  8.00000  -5.67498  1.79333  0.03879  0.00041  0.33604  0.03879  0.00041  0.33550  0.00000  0.09058  0.03663  0.09074  0.09074  0.03658  0.18395  0.18382  0.09341  -0.09344  0.01245  0.00010  0.00001  -0.01243  0.00000  0.00000  0.00000  0.00000  0.00000  0.00000  0.00000  0.00000  0.00000  0.00000  0.00000  0.00000  0.00000  0.00000  0.00000  0.00000  0.00000  0.00000  0.00000  0.00000  0.00000  0.00000  0.00000  0.00000  0.00000  0.00000  0.00000  0.00000  
0.20000  0.20000  0.40000  8.00000  0.88997  3.53038  0.01116  0.02167  0.01005  0.00003  0.33325  3.20000  0.20000  0.40000  8.00000  -8.09287  1.73562  0.03932  0.00042  0.33629  0.03929  0.00042  0.33736  0.00000  0.08929  0.03517  0.08936  0.08936  0.03527  0.13435  0.13445  0.09286  -0.09288  0.00946  0.00009  -0.00004  -0.00952  0.00000  0.00000  0.00000  0.00000  0.00000  0.00000  0.00000  0.00000  0.00000  0.00000  0.00000  0.00000  0.00000  0.00000  0.00000  0.00000  0.00000  0.00000  0.00000  0.00000  0.00000  0.00000  0.00000  0.00000  0.00000  0.00000  0.00000  0.00000  
0.20000  0.20000  0.40000  8.00000  0.40612  3.51950  0.01108  0.02167  0.01009  0.00003  0.33432  4.00000  0.20000  0.40000  8.00000  -10.50400  1.70259  0.03957  0.00043  0.33510  0.03957  0.00043  0.33457  0.00000  0.08849  0.03438  0.08855  0.08855  0.03472  0.10586  0.10592  0.09250  -0.09250  0.00776  -0.00001  0.00004  -0.00771  0.00000  0.00000  0.00000  0.00000  0.00000  0.00000  0.00000  0.00000  0.00000  0.00000  0.00000  0.00000  0.00000  0.00000  0.00000  0.00000  0.00000  0.00000  0.00000  0.00000  0.00000  0.00000  0.00000  0.00000  0.00000  0.00000  0.00000  0.00000  
0.20000  0.20000  0.40000  8.00000  -0.19739  3.51873  0.01102  0.02166  0.01011  0.00003  0.33364  5.00000  0.20000  0.40000  8.00000  -13.51365  1.67614  0.03992  0.00043  0.33489  0.04004  0.00044  0.33596  0.00000  0.08795  0.03391  0.08791  0.08791  0.03372  0.08366  0.08376  0.09225  -0.09225  0.00627  -0.00004  -0.00005  -0.00624  0.00000  0.00000  0.00000  0.00000  0.00000  0.00000  0.00000  0.00000  0.00000  0.00000  0.00000  0.00000  0.00000  0.00000  0.00000  0.00000  0.00000  0.00000  0.00000  0.00000  0.00000  0.00000  0.00000  0.00000  0.00000  0.00000  0.00000  0.00000  
0.20000  0.20000  0.40000  8.00000  -0.79991  3.52299  0.01099  0.02167  0.01012  0.00003  0.33507  6.00000  0.20000  0.40000  8.00000  -16.52025  1.66616  0.04004  0.00044  0.33253  0.04010  0.00044  0.33618  0.00000  0.08745  0.03358  0.08756  0.08756  0.03356  0.06907  0.06902  0.09201  -0.09202  0.00520  -0.00004  0.00002  -0.00521  0.00000  0.00000  0.00000  0.00000  0.00000  0.00000  0.00000  0.00000  0.00000  0.00000  0.00000  0.00000  0.00000  0.00000  0.00000  0.00000  0.00000  0.00000  0.00000  0.00000  0.00000  0.00000  0.00000  0.00000  0.00000  0.00000  0.00000  0.00000  
0.20000  0.20000  0.40000  8.00000  -1.40197  3.51281  0.01097  0.02164  0.01014  0.00003  0.33417  7.00000  0.20000  0.40000  8.00000  -19.52560  1.65237  0.04029  0.00044  0.33469  0.04023  0.00044  0.33444  0.00000  0.08714  0.03325  0.08729  0.08729  0.03317  0.05882  0.05887  0.09185  -0.09182  0.00443  0.00001  -0.00003  -0.00446  0.00000  0.00000  0.00000  0.00000  0.00000  0.00000  0.00000  0.00000  0.00000  0.00000  0.00000  0.00000  0.00000  0.00000  0.00000  0.00000  0.00000  0.00000  0.00000  0.00000  0.00000  0.00000  0.00000  0.00000  0.00000  0.00000  0.00000  0.00000  
0.20000  0.20000  0.40000  8.00000  -2.00348  3.54194  0.01094  0.02163  0.01015  0.00003  0.33380  8.00000  0.20000  0.40000  8.00000  -22.52910  1.65039  0.04036  0.00045  0.33230  0.04034  0.00045  0.33391  0.00000  0.08699  0.03303  0.08693  0.08693  0.03345  0.05131  0.05131  0.09175  -0.09174  0.00395  0.00001  -0.00001  -0.00391  0.00000  0.00000  0.00000  0.00000  0.00000  0.00000  0.00000  0.00000  0.00000  0.00000  0.00000  0.00000  0.00000  0.00000  0.00000  0.00000  0.00000  0.00000  0.00000  0.00000  0.00000  0.00000  0.00000  0.00000  0.00000  0.00000  0.00000  0.00000  
0.20000  0.20000  0.40000  8.00000  -2.60480  3.52649  0.01093  0.02163  0.01016  0.00003  0.33219  9.00000  0.20000  0.40000  8.00000  -25.53245  1.63174  0.04050  0.00045  0.33431  0.04048  0.00045  0.33441  0.00000  0.08680  0.03274  0.08682  0.08682  0.03280  0.04549  0.04545  0.09163  -0.09162  0.00348  -0.00011  0.00005  -0.00349  0.00000  0.00000  0.00000  0.00000  0.00000  0.00000  0.00000  0.00000  0.00000  0.00000  0.00000  0.00000  0.00000  0.00000  0.00000  0.00000  0.00000  0.00000  0.00000  0.00000  0.00000  0.00000  0.00000  0.00000  0.00000  0.00000  0.00000  0.00000  
