#B t w E C M M2 Binder Y QQ JJ
0.20000  0.20000  0.40000  8.00000  2.64345  3.41470  0.03727  0.05290  0.02571  0.00018  0.33457  0.20000  0.20000  0.40000  8.00000  0.88379  1.17220  0.06227  0.00106  0.33507  0.06235  0.00106  0.33565  0.00000  0.18637  0.14595  0.18663  0.18663  0.14617  2.47527  2.47605  0.11320  -0.11327  0.00014  -0.00005  0.00007  -0.00019  0.00000  0.00000  0.00000  0.00000  0.00000  0.00000  0.00000  0.00000  0.00000  0.00000  0.00000  0.00000  0.00000  0.00000  0.00000  0.00000  0.00000  0.00000  0.00000  0.00000  0.00000  0.00000  0.00000  0.00000  0.00000  0.00000  0.00000  0.00000  
0.20000  0.20000  0.40000  8.00000  2.61631  3.43058  0.03726  0.05290  0.02584  0.00018  0.33378  0.30000  0.20000  0.40000  8.00000  0.80419  1.26193  0.06350  0.00110  0.33528  0.06341  0.00110  0.33443  0.00000  0.18608  0.14601  0.18634  0.18634  0.14623  2.46991  2.47447  0.11317  -0.11320  0.00010  0.00008  -0.00008  -0.00015  0.00000  0.00000  0.00000  0.00000  0.00000  0.00000  0.00000  0.00000  0.00000  0.00000  0.00000  0.00000  0.00000  0.00000  0.00000  0.00000  0.00000  0.00000  0.00000  0.00000  0.00000  0.00000  0.00000  0.00000  0.00000  0.00000  0.00000  0.00000  
0.20000  0.20000  0.40000  8.00000  2.57622  3.50183  0.03721  0.05286  0.02604  0.00019  0.33337  0.40000  0.20000  0.40000  8.00000  0.68510  1.42665  0.06479  0.00114  0.33565  0.06475  0.00114  0.33489  0.00000  0.18610  0.14578  0.18615  0.18615  0.14530  2.46129  2.46100  0.11314  -0.11316  0.00068  0.00004  -0.00004  -0.00073  0.00000  0.00000  0.00000  0.00000  0.00000  0.00000  0.00000  0.00000  0.00000  0.00000  0.00000  0.00000  0.00000  0.00000  0.00000  0.00000  0.00000  0.00000  0.00000  0.00000  0.00000  0.00000  0.00000  0.00000  0.00000  0.00000  0.00000  0.00000  
0.20000  0.20000  0.40000  8.00000  2.51830  3.59293  0.03700  0.05283  0.02631  0.00019  0.33246  0.50000  0.20000  0.40000  8.00000  0.51429  1.77035  0.06645  0.00120  0.33529  0.06642  0.00120  0.33618  0.00000  0.18541  0.14506  0.18516  0.18516  0.14463  2.43333  2.42802  0.11278  -0.11279  0.00183  0.00007  -0.00001  -0.00176  0.00000  0.00000  0.00000  0.00000  0.00000  0.00000  0.00000  0.00000  0.00000  0.00000  0.00000  0.00000  0.00000  0.00000  0.00000  0.00000  0.00000  0.00000  0.00000  0.00000  0.00000  0.00000  0.00000  0.00000  0.00000  0.00000  0.00000  0.00000  
0.20000  0.20000  0.40000  8.00000  2.43020  3.95248  0.03639  0.05281  0.02667  0.00019  0.33458  0.60000  0.20000  0.40000  8.00000  0.25706  2.67640  0.06850  0.00128  0.33330  0.06873  0.00129  0.33521  0.00000  0.18248  0.14197  0.18224  0.18223  0.14170  2.31316  2.30665  0.11141  -0.11144  0.00567  0.00002  -0.00009  -0.00562  0.00000  0.00000  0.00000  0.00000  0.00000  0.00000  0.00000  0.00000  0.00000  0.00000  0.00000  0.00000  0.00000  0.00000  0.00000  0.00000  0.00000  0.00000  0.00000  0.00000  0.00000  0.00000  0.00000  0.00000  0.00000  0.00000  0.00000  0.00000  
0.20000  0.20000  0.40000  8.00000  2.27335  4.49179  0.03388  0.05267  0.02734  0.00020  0.33463  0.70000  0.20000  0.40000  8.00000  -0.19981  4.19654  0.07283  0.00144  0.33765  0.07276  0.00144  0.33688  0.00000  0.16825  0.12798  0.16852  0.16852  0.12781  1.76420  1.76829  0.10416  -0.10411  0.02179  0.00000  -0.00010  -0.02105  0.00000  0.00000  0.00000  0.00000  0.00000  0.00000  0.00000  0.00000  0.00000  0.00000  0.00000  0.00000  0.00000  0.00000  0.00000  0.00000  0.00000  0.00000  0.00000  0.00000  0.00000  0.00000  0.00000  0.00000  0.00000  0.00000  0.00000  0.00000  
0.20000  0.20000  0.40000  8.00000  2.12141  4.05648  0.03189  0.05261  0.02779  0.00021  0.33454  0.80000  0.20000  0.40000  8.00000  -0.64135  2.99820  0.07576  0.00156  0.33778  0.07559  0.00155  0.33613  0.00000  0.15779  0.11722  0.15775  0.15775  0.11744  1.33724  1.33481  0.09824  -0.09829  0.03057  -0.00006  -0.00005  -0.03009  0.00000  0.00000  0.00000  0.00000  0.00000  0.00000  0.00000  0.00000  0.00000  0.00000  0.00000  0.00000  0.00000  0.00000  0.00000  0.00000  0.00000  0.00000  0.00000  0.00000  0.00000  0.00000  0.00000  0.00000  0.00000  0.00000  0.00000  0.00000  
0.20000  0.20000  0.40000  8.00000  1.66199  3.69947  0.02962  0.05244  0.02846  0.00022  0.33307  1.20000  0.20000  0.40000  8.00000  -1.99639  2.08129  0.07975  0.00172  0.33794  0.07985  0.00173  0.33877  0.00000  0.14473  0.10412  0.14484  0.14484  0.10423  0.82517  0.82732  0.09095  -0.09095  0.02908  0.00005  0.00006  -0.02882  0.00000  0.00000  0.00000  0.00000  0.00000  0.00000  0.00000  0.00000  0.00000  0.00000  0.00000  0.00000  0.00000  0.00000  0.00000  0.00000  0.00000  0.00000  0.00000  0.00000  0.00000  0.00000  0.00000  0.00000  0.00000  0.00000  0.00000  0.00000  
0.20000  0.20000  0.40000  8.00000  1.24362  3.64060  0.02872  0.05240  0.02873  0.00023  0.33447  1.60000  0.20000  0.40000  8.00000  -3.23853  1.90893  0.08161  0.00180  0.33865  0.08139  0.00180  0.33767  0.00000  0.13970  0.09945  0.13940  0.13940  0.09881  0.62368  0.62310  0.08782  -0.08780  0.02451  0.00001  0.00005  -0.02427  0.00000  0.00000  0.00000  0.00000  0.00000  0.00000  0.00000  0.00000  0.00000  0.00000  0.00000  0.00000  0.00000  0.00000  0.00000  0.00000  0.00000  0.00000  0.00000  0.00000  0.00000  0.00000  0.00000  0.00000  0.00000  0.00000  0.00000  0.00000  
0.20000  0.20000  0.40000  8.00000  0.83327  3.60415  0.02820  0.05233  0.02898  0.00023  0.33431  2.00000  0.20000  0.40000  8.00000  -4.46072  1.83032  0.08256  0.00184  0.34112  0.08269  0.00185  0.33767  0.00000  0.13633  0.09627  0.13637  0.13637  0.09599  0.50220  0.50214  0.08590  -0.08584  0.02075  0.00007  0.00002  -0.02074  0.00000  0.00000  0.00000  0.00000  0.00000  0.00000  0.00000  0.00000  0.00000  0.00000  0.00000  0.00000  0.00000  0.00000  0.00000  0.00000  0.00000  0.00000  0.00000  0.00000  0.00000  0.00000  0.00000  0.00000  0.00000  0.00000  0.00000  0.00000  
0.20000  0.20000  0.40000  8.00000  0.42602  3.61416  0.02784  0.05226  0.02908  0.00023  0.33324  2.40000  0.20000  0.40000  8.00000  -5.67498  1.78867  0.08347  0.00189  0.33847  0.08334  0.00188  0.33950  0.00000  0.13422  0.09379  0.13417  0.13417  0.09357  0.41933  0.41980  0.08445  -0.08444  0.01801  -0.00003  -0.00001  -0.01802  0.00000  0.00000  0.00000  0.00000  0.00000  0.00000  0.00000  0.00000  0.00000  0.00000  0.00000  0.00000  0.00000  0.00000  0.00000  0.00000  0.00000  0.00000  0.00000  0.00000  0.00000  0.00000  0.00000  0.00000  0.00000  0.00000  0.00000  0.00000  
0.20000  0.20000  0.40000  8.00000  -0.38353  3.62261  0.02740  0.05219  0.02929  0.00023  0.33493  3.20000  0.20000  0.40000  8.00000  -8.09286  1.74145  0.08454  0.00194  0.33764  0.08444  0.00193  0.33765  0.00000  0.13136  0.09126  0.13149  0.13149  0.09102  0.31612  0.31659  0.08253  -0.08252  0.01414  0.00002  -0.00000  -0.01410  0.00000  0.00000  0.00000  0.00000  0.00000  0.00000  0.00000  0.00000  0.00000  0.00000  0.00000  0.00000  0.00000  0.00000  0.00000  0.00000  0.00000  0.00000  0.00000  0.00000  0.00000  0.00000  0.00000  0.00000  0.00000  0.00000  0.00000  0.00000  
0.20000  0.20000  0.40000  8.00000  -1.19002  3.59901  0.02711  0.05221  0.02945  0.00024  0.33365  4.00000  0.20000  0.40000  8.00000  -10.50420  1.70357  0.08525  0.00197  0.33755  0.08520  0.00197  0.33680  0.00000  0.12986  0.09001  0.12975  0.12975  0.09004  0.25359  0.25392  0.08131  -0.08136  0.01165  -0.00008  0.00003  -0.01161  0.00000  0.00000  0.00000  0.00000  0.00000  0.00000  0.00000  0.00000  0.00000  0.00000  0.00000  0.00000  0.00000  0.00000  0.00000  0.00000  0.00000  0.00000  0.00000  0.00000  0.00000  0.00000  0.00000  0.00000  0.00000  0.00000  0.00000  0.00000  
0.20000  0.20000  0.40000  8.00000  -2.19582  3.60865  0.02690  0.05211  0.02961  0.00024  0.33269  5.00000  0.20000  0.40000  8.00000  -13.51335  1.68655  0.08607  0.00200  0.34099  0.08611  0.00200  0.34025  0.00000  0.12840  0.08850  0.12842  0.12842  0.08842  0.20322  0.20333  0.08018  -0.08022  0.00950  -0.00001  0.00005  -0.00950  0.00000  0.00000  0.00000  0.00000  0.00000  0.00000  0.00000  0.00000  0.00000  0.00000  0.00000  0.00000  0.00000  0.00000  0.00000  0.00000  0.00000  0.00000  0.00000  0.00000  0.00000  0.00000  0.00000  0.00000  0.00000  0.00000  0.00000  0.00000  
0.20000  0.20000  0.40000  8.00000  -3.20040  3.60635  0.02675  0.05211  0.02963  0.00024  0.33506  6.00000  0.20000  0.40000  8.00000  -16.52060  1.66576  0.08660  0.00203  0.34002  0.08636  0.00202  0.33902  0.00000  0.12749  0.08780  0.12741  0.12741  0.08732  0.16955  0.16954  0.07945  -0.07945  0.00801  -0.00009  -0.00003  -0.00797  0.00000  0.00000  0.00000  0.00000  0.00000  0.00000  0.00000  0.00000  0.00000  0.00000  0.00000  0.00000  0.00000  0.00000  0.00000  0.00000  0.00000  0.00000  0.00000  0.00000  0.00000  0.00000  0.00000  0.00000  0.00000  0.00000  0.00000  0.00000  
0.20000  0.20000  0.40000  8.00000  -4.20316  3.62140  0.02664  0.05207  0.02965  0.00024  0.33367  7.00000  0.20000  0.40000  8.00000  -19.52565  1.65200  0.08662  0.00202  0.33999  0.08687  0.00204  0.34027  0.00000  0.12683  0.08711  0.12678  0.12677  0.08695  0.14544  0.14540  0.07891  -0.07892  0.00699  -0.00003  0.00011  -0.00695  0.00000  0.00000  0.00000  0.00000  0.00000  0.00000  0.00000  0.00000  0.00000  0.00000  0.00000  0.00000  0.00000  0.00000  0.00000  0.00000  0.00000  0.00000  0.00000  0.00000  0.00000  0.00000  0.00000  0.00000  0.00000  0.00000  0.00000  0.00000  
0.20000  0.20000  0.40000  8.00000  -5.20601  3.62629  0.02657  0.05209  0.02972  0.00024  0.33455  8.00000  0.20000  0.40000  8.00000  -22.52950  1.64888  0.08682  0.00204  0.33824  0.08714  0.00205  0.33939  0.00000  0.12621  0.08668  0.12627  0.12627  0.08624  0.12718  0.12715  0.07847  -0.07846  0.00611  0.00003  -0.00001  -0.00614  0.00000  0.00000  0.00000  0.00000  0.00000  0.00000  0.00000  0.00000  0.00000  0.00000  0.00000  0.00000  0.00000  0.00000  0.00000  0.00000  0.00000  0.00000  0.00000  0.00000  0.00000  0.00000  0.00000  0.00000  0.00000  0.00000  0.00000  0.00000  
0.20000  0.20000  0.40000  8.00000  -6.20829  3.61658  0.02653  0.05208  0.02976  0.00024  0.33551  9.00000  0.20000  0.40000  8.00000  -25.53225  1.63626  0.08730  0.00206  0.34150  0.08718  0.00204  0.34193  0.00000  0.12581  0.08630  0.12581  0.12581  0.08645  0.11314  0.11306  0.07808  -0.07808  0.00550  -0.00007  -0.00005  -0.00546  0.00000  0.00000  0.00000  0.00000  0.00000  0.00000  0.00000  0.00000  0.00000  0.00000  0.00000  0.00000  0.00000  0.00000  0.00000  0.00000  0.00000  0.00000  0.00000  0.00000  0.00000  0.00000  0.00000  0.00000  0.00000  0.00000  0.00000  0.00000  
