#B t w E C M M2 Binder Y QQ JJ
0.20000  0.20000  0.40000  8.00000  2.68355  3.39768  0.02445  0.03255  0.01447  0.00006  0.33404  0.20000  0.20000  0.40000  8.00000  0.88660  1.16857  0.04047  0.00045  0.33536  0.04052  0.00045  0.33483  0.00000  0.16093  0.11173  0.16094  0.16094  0.11153  2.48112  2.47677  0.11360  -0.11362  0.00002  -0.00001  -0.00005  0.00012  0.00000  0.00000  0.00000  0.00000  0.00000  0.00000  0.00000  0.00000  0.00000  0.00000  0.00000  0.00000  0.00000  0.00000  0.00000  0.00000  0.00000  0.00000  0.00000  0.00000  0.00000  0.00000  0.00000  0.00000  0.00000  0.00000  0.00000  0.00000  
0.20000  0.20000  0.40000  8.00000  2.66334  3.40964  0.02440  0.03254  0.01454  0.00006  0.33307  0.30000  0.20000  0.40000  8.00000  0.80674  1.26656  0.04120  0.00046  0.33407  0.04121  0.00046  0.33378  0.00000  0.16059  0.11136  0.16117  0.16117  0.11174  2.46483  2.47434  0.11356  -0.11356  0.00013  -0.00010  -0.00007  -0.00014  0.00000  0.00000  0.00000  0.00000  0.00000  0.00000  0.00000  0.00000  0.00000  0.00000  0.00000  0.00000  0.00000  0.00000  0.00000  0.00000  0.00000  0.00000  0.00000  0.00000  0.00000  0.00000  0.00000  0.00000  0.00000  0.00000  0.00000  0.00000  
0.20000  0.20000  0.40000  8.00000  2.63310  3.46884  0.02438  0.03252  0.01462  0.00006  0.33248  0.40000  0.20000  0.40000  8.00000  0.68786  1.43964  0.04205  0.00048  0.33259  0.04203  0.00048  0.33407  0.00000  0.16063  0.11144  0.16051  0.16051  0.11109  2.46914  2.45838  0.11353  -0.11356  0.00049  -0.00010  0.00002  -0.00044  0.00000  0.00000  0.00000  0.00000  0.00000  0.00000  0.00000  0.00000  0.00000  0.00000  0.00000  0.00000  0.00000  0.00000  0.00000  0.00000  0.00000  0.00000  0.00000  0.00000  0.00000  0.00000  0.00000  0.00000  0.00000  0.00000  0.00000  0.00000  
0.20000  0.20000  0.40000  8.00000  2.58987  3.55654  0.02419  0.03249  0.01470  0.00006  0.33285  0.50000  0.20000  0.40000  8.00000  0.51753  1.76549  0.04312  0.00051  0.33494  0.04314  0.00051  0.33603  0.00000  0.15959  0.11020  0.15959  0.15959  0.11000  2.42521  2.41492  0.11323  -0.11322  0.00148  -0.00003  -0.00001  -0.00142  0.00000  0.00000  0.00000  0.00000  0.00000  0.00000  0.00000  0.00000  0.00000  0.00000  0.00000  0.00000  0.00000  0.00000  0.00000  0.00000  0.00000  0.00000  0.00000  0.00000  0.00000  0.00000  0.00000  0.00000  0.00000  0.00000  0.00000  0.00000  
0.20000  0.20000  0.40000  8.00000  2.52479  3.80269  0.02377  0.03249  0.01489  0.00006  0.33364  0.60000  0.20000  0.40000  8.00000  0.26336  2.61388  0.04459  0.00054  0.33422  0.04453  0.00054  0.33577  0.00000  0.15671  0.10739  0.15641  0.15641  0.10684  2.30816  2.30121  0.11211  -0.11213  0.00463  -0.00008  -0.00011  -0.00463  0.00000  0.00000  0.00000  0.00000  0.00000  0.00000  0.00000  0.00000  0.00000  0.00000  0.00000  0.00000  0.00000  0.00000  0.00000  0.00000  0.00000  0.00000  0.00000  0.00000  0.00000  0.00000  0.00000  0.00000  0.00000  0.00000  0.00000  0.00000  
0.20000  0.20000  0.40000  8.00000  2.40343  4.25090  0.02103  0.03246  0.01518  0.00006  0.33250  0.70000  0.20000  0.40000  8.00000  -0.20546  4.32170  0.04727  0.00061  0.33289  0.04730  0.00061  0.33481  0.00000  0.13651  0.08696  0.13662  0.13662  0.08689  1.50476  1.50360  0.10363  -0.10364  0.02285  -0.00010  -0.00009  -0.02255  0.00000  0.00000  0.00000  0.00000  0.00000  0.00000  0.00000  0.00000  0.00000  0.00000  0.00000  0.00000  0.00000  0.00000  0.00000  0.00000  0.00000  0.00000  0.00000  0.00000  0.00000  0.00000  0.00000  0.00000  0.00000  0.00000  0.00000  0.00000  
0.20000  0.20000  0.40000  8.00000  2.29043  3.84707  0.01937  0.03239  0.01533  0.00006  0.33373  0.80000  0.20000  0.40000  8.00000  -0.64386  2.94471  0.04910  0.00066  0.33324  0.04917  0.00066  0.33601  0.00000  0.12439  0.07449  0.12413  0.12413  0.07458  1.01799  1.01650  0.09824  -0.09829  0.02999  0.00001  -0.00008  -0.02938  0.00000  0.00000  0.00000  0.00000  0.00000  0.00000  0.00000  0.00000  0.00000  0.00000  0.00000  0.00000  0.00000  0.00000  0.00000  0.00000  0.00000  0.00000  0.00000  0.00000  0.00000  0.00000  0.00000  0.00000  0.00000  0.00000  0.00000  0.00000  
0.20000  0.20000  0.40000  8.00000  1.94649  3.61423  0.01792  0.03236  0.01564  0.00007  0.33286  1.20000  0.20000  0.40000  8.00000  -1.99637  2.07916  0.05183  0.00074  0.33258  0.05187  0.00073  0.33584  0.00000  0.11301  0.06336  0.11293  0.11293  0.06313  0.56963  0.56910  0.09326  -0.09322  0.02591  -0.00008  0.00001  -0.02556  0.00000  0.00000  0.00000  0.00000  0.00000  0.00000  0.00000  0.00000  0.00000  0.00000  0.00000  0.00000  0.00000  0.00000  0.00000  0.00000  0.00000  0.00000  0.00000  0.00000  0.00000  0.00000  0.00000  0.00000  0.00000  0.00000  0.00000  0.00000  
0.20000  0.20000  0.40000  8.00000  1.63286  3.57538  0.01741  0.03231  0.01580  0.00007  0.33336  1.60000  0.20000  0.40000  8.00000  -3.23903  1.90131  0.05303  0.00076  0.33626  0.05307  0.00077  0.33594  0.00000  0.10901  0.05915  0.10891  0.10891  0.05937  0.41226  0.41213  0.09140  -0.09138  0.02092  -0.00010  0.00008  -0.02074  0.00000  0.00000  0.00000  0.00000  0.00000  0.00000  0.00000  0.00000  0.00000  0.00000  0.00000  0.00000  0.00000  0.00000  0.00000  0.00000  0.00000  0.00000  0.00000  0.00000  0.00000  0.00000  0.00000  0.00000  0.00000  0.00000  0.00000  0.00000  
0.20000  0.20000  0.40000  8.00000  1.32503  3.55299  0.01713  0.03228  0.01585  0.00007  0.33381  2.00000  0.20000  0.40000  8.00000  -4.46078  1.83814  0.05364  0.00078  0.33581  0.05362  0.00078  0.33758  0.00000  0.10679  0.05703  0.10665  0.10665  0.05718  0.32402  0.32456  0.09025  -0.09024  0.01735  -0.00006  0.00008  -0.01726  0.00000  0.00000  0.00000  0.00000  0.00000  0.00000  0.00000  0.00000  0.00000  0.00000  0.00000  0.00000  0.00000  0.00000  0.00000  0.00000  0.00000  0.00000  0.00000  0.00000  0.00000  0.00000  0.00000  0.00000  0.00000  0.00000  0.00000  0.00000  
0.20000  0.20000  0.40000  8.00000  1.01967  3.56898  0.01694  0.03224  0.01590  0.00007  0.33254  2.40000  0.20000  0.40000  8.00000  -5.67494  1.79350  0.05416  0.00080  0.33505  0.05422  0.00080  0.33677  0.00000  0.10525  0.05564  0.10511  0.10511  0.05571  0.26738  0.26718  0.08949  -0.08949  0.01483  -0.00005  0.00003  -0.01481  0.00000  0.00000  0.00000  0.00000  0.00000  0.00000  0.00000  0.00000  0.00000  0.00000  0.00000  0.00000  0.00000  0.00000  0.00000  0.00000  0.00000  0.00000  0.00000  0.00000  0.00000  0.00000  0.00000  0.00000  0.00000  0.00000  0.00000  0.00000  
0.20000  0.20000  0.40000  8.00000  0.41239  3.55865  0.01671  0.03225  0.01602  0.00007  0.33524  3.20000  0.20000  0.40000  8.00000  -8.09274  1.73647  0.05493  0.00082  0.33573  0.05505  0.00082  0.33580  0.00000  0.10339  0.05375  0.10324  0.10324  0.05369  0.19761  0.19778  0.08852  -0.08854  0.01143  -0.00007  0.00003  -0.01140  0.00000  0.00000  0.00000  0.00000  0.00000  0.00000  0.00000  0.00000  0.00000  0.00000  0.00000  0.00000  0.00000  0.00000  0.00000  0.00000  0.00000  0.00000  0.00000  0.00000  0.00000  0.00000  0.00000  0.00000  0.00000  0.00000  0.00000  0.00000  
0.20000  0.20000  0.40000  8.00000  -0.19249  3.56112  0.01660  0.03224  0.01605  0.00007  0.33350  4.00000  0.20000  0.40000  8.00000  -10.50420  1.69967  0.05533  0.00083  0.33758  0.05535  0.00083  0.33778  0.00000  0.10226  0.05257  0.10235  0.10235  0.05293  0.15685  0.15695  0.08792  -0.08790  0.00928  -0.00001  0.00002  -0.00934  0.00000  0.00000  0.00000  0.00000  0.00000  0.00000  0.00000  0.00000  0.00000  0.00000  0.00000  0.00000  0.00000  0.00000  0.00000  0.00000  0.00000  0.00000  0.00000  0.00000  0.00000  0.00000  0.00000  0.00000  0.00000  0.00000  0.00000  0.00000  
0.20000  0.20000  0.40000  8.00000  -0.94688  3.56574  0.01648  0.03222  0.01612  0.00007  0.33408  5.00000  0.20000  0.40000  8.00000  -13.51370  1.68426  0.05578  0.00085  0.33593  0.05584  0.00085  0.33642  0.00000  0.10128  0.05193  0.10145  0.10145  0.05188  0.12437  0.12450  0.08737  -0.08738  0.00752  0.00003  0.00006  -0.00759  0.00000  0.00000  0.00000  0.00000  0.00000  0.00000  0.00000  0.00000  0.00000  0.00000  0.00000  0.00000  0.00000  0.00000  0.00000  0.00000  0.00000  0.00000  0.00000  0.00000  0.00000  0.00000  0.00000  0.00000  0.00000  0.00000  0.00000  0.00000  
0.20000  0.20000  0.40000  8.00000  -1.70012  3.54980  0.01643  0.03224  0.01615  0.00007  0.33351  6.00000  0.20000  0.40000  8.00000  -16.52060  1.66160  0.05613  0.00086  0.33345  0.05605  0.00085  0.33834  0.00000  0.10073  0.05170  0.10081  0.10081  0.05108  0.10324  0.10316  0.08705  -0.08704  0.00639  0.00007  0.00003  -0.00631  0.00000  0.00000  0.00000  0.00000  0.00000  0.00000  0.00000  0.00000  0.00000  0.00000  0.00000  0.00000  0.00000  0.00000  0.00000  0.00000  0.00000  0.00000  0.00000  0.00000  0.00000  0.00000  0.00000  0.00000  0.00000  0.00000  0.00000  0.00000  
0.20000  0.20000  0.40000  8.00000  -2.45254  3.56163  0.01637  0.03219  0.01614  0.00007  0.33199  7.00000  0.20000  0.40000  8.00000  -19.52545  1.65289  0.05619  0.00086  0.33404  0.05618  0.00086  0.33465  0.00000  0.10021  0.05065  0.10045  0.10045  0.05107  0.08808  0.08819  0.08677  -0.08676  0.00551  -0.00009  0.00004  -0.00543  0.00000  0.00000  0.00000  0.00000  0.00000  0.00000  0.00000  0.00000  0.00000  0.00000  0.00000  0.00000  0.00000  0.00000  0.00000  0.00000  0.00000  0.00000  0.00000  0.00000  0.00000  0.00000  0.00000  0.00000  0.00000  0.00000  0.00000  0.00000  
0.20000  0.20000  0.40000  8.00000  -3.20450  3.55030  0.01635  0.03227  0.01617  0.00007  0.33492  8.00000  0.20000  0.40000  8.00000  -22.52935  1.64025  0.05645  0.00087  0.33672  0.05641  0.00087  0.33717  0.00000  0.10005  0.05040  0.10001  0.10001  0.05034  0.07692  0.07690  0.08651  -0.08653  0.00485  0.00001  0.00011  -0.00486  0.00000  0.00000  0.00000  0.00000  0.00000  0.00000  0.00000  0.00000  0.00000  0.00000  0.00000  0.00000  0.00000  0.00000  0.00000  0.00000  0.00000  0.00000  0.00000  0.00000  0.00000  0.00000  0.00000  0.00000  0.00000  0.00000  0.00000  0.00000  
0.20000  0.20000  0.40000  8.00000  -3.95615  3.54111  0.01631  0.03221  0.01620  0.00007  0.33321  9.00000  0.20000  0.40000  8.00000  -25.53240  1.63582  0.05675  0.00088  0.33430  0.05647  0.00087  0.33150  0.00000  0.09978  0.05029  0.09982  0.09982  0.05050  0.06818  0.06823  0.08639  -0.08637  0.00433  0.00005  0.00002  -0.00427  0.00000  0.00000  0.00000  0.00000  0.00000  0.00000  0.00000  0.00000  0.00000  0.00000  0.00000  0.00000  0.00000  0.00000  0.00000  0.00000  0.00000  0.00000  0.00000  0.00000  0.00000  0.00000  0.00000  0.00000  0.00000  0.00000  0.00000  0.00000  
