B t w E C M M2 Binder Y QQ JJ
0.10000  1.00000  1.00000  1.44624  1.74099  0.02956  0.00015  0.44659  0.00222  0.04439  0.52957  0.04560  0.00000  0.06975  0.00000  0.00000  0.00000  0.00000  0.00000  0.00000  0.00000  0.00000  0.00000  0.00000  0.00000  0.00000  0.00000  0.00000  
0.10000  1.20000  1.20000  1.36665  2.09136  0.02967  0.00015  0.44555  0.00222  0.04450  0.42993  0.04455  0.00000  0.07050  0.00000  0.00000  0.00000  0.00000  0.00000  0.00000  0.00000  0.00000  0.00000  0.00000  0.00000  0.00000  0.00000  0.00000  
0.10000  1.40000  1.40000  1.20371  2.58998  0.02981  0.00016  0.44469  0.00223  0.04436  0.33275  0.04474  0.00000  0.06994  0.00000  0.00000  0.00000  0.00000  0.00000  0.00000  0.00000  0.00000  0.00000  0.00000  0.00000  0.00000  0.00000  0.00000  
0.10000  1.60000  1.60000  0.92745  3.85384  0.02975  0.00015  0.44970  0.00223  0.04452  0.23857  0.04481  0.00000  0.06996  0.00000  0.00000  0.00000  0.00000  0.00000  0.00000  0.00000  0.00000  0.00000  0.00000  0.00000  0.00000  0.00000  0.00000  
0.10000  1.70000  1.70000  0.71712  4.54910  0.02975  0.00015  0.45332  0.00223  0.04434  0.18484  0.04423  0.00000  0.06955  0.00000  0.00000  0.00000  0.00000  0.00000  0.00000  0.00000  0.00000  0.00000  0.00000  0.00000  0.00000  0.00000  0.00000  
0.10000  1.75000  1.75000  0.59570  4.74557  0.02987  0.00016  0.44229  0.00224  0.04438  0.15651  0.04457  0.00000  0.06967  0.00000  0.00000  0.00000  0.00000  0.00000  0.00000  0.00000  0.00000  0.00000  0.00000  0.00000  0.00000  0.00000  0.00000  
0.10000  1.80000  1.80000  0.45416  7.14405  0.02971  0.00016  0.43681  0.00224  0.04437  0.12559  0.04453  0.00000  0.07012  0.00000  0.00000  0.00000  0.00000  0.00000  0.00000  0.00000  0.00000  0.00000  0.00000  0.00000  0.00000  0.00000  0.00000  
0.10000  1.85000  1.85000  0.27893  6.70448  0.02961  0.00016  0.44727  0.00223  0.04461  0.08768  0.04455  0.00000  0.06970  0.00000  0.00000  0.00000  0.00000  0.00000  0.00000  0.00000  0.00000  0.00000  0.00000  0.00000  0.00000  0.00000  0.00000  
0.10000  1.90000  1.90000  0.09651  1.98649  0.02967  0.00015  0.44774  0.00225  0.04488  0.05202  0.04496  0.00000  0.07045  0.00000  0.00000  0.00000  0.00000  0.00000  0.00000  0.00000  0.00000  0.00000  0.00000  0.00000  0.00000  0.00000  0.00000  
0.10000  1.95000  1.95000  0.05823  0.83332  0.02983  0.00016  0.43870  0.00224  0.04436  0.04696  0.04435  0.00000  0.06970  0.00000  0.00000  0.00000  0.00000  0.00000  0.00000  0.00000  0.00000  0.00000  0.00000  0.00000  0.00000  0.00000  0.00000  
0.10000  2.00000  2.00000  0.04292  0.67341  0.02979  0.00016  0.44703  0.00225  0.04395  0.04587  0.04398  0.00000  0.06999  0.00000  0.00000  0.00000  0.00000  0.00000  0.00000  0.00000  0.00000  0.00000  0.00000  0.00000  0.00000  0.00000  0.00000  
0.10000  2.10000  2.10000  0.01960  0.32398  0.02959  0.00015  0.44736  0.00223  0.04440  0.04525  0.04440  0.00000  0.06976  0.00000  0.00000  0.00000  0.00000  0.00000  0.00000  0.00000  0.00000  0.00000  0.00000  0.00000  0.00000  0.00000  0.00000  
0.10000  2.20000  2.20000  0.00857  0.23174  0.02981  0.00016  0.44297  0.00224  0.04413  0.04462  0.04412  0.00000  0.06952  0.00000  0.00000  0.00000  0.00000  0.00000  0.00000  0.00000  0.00000  0.00000  0.00000  0.00000  0.00000  0.00000  0.00000  
0.10000  2.40000  2.40000  -0.00364  0.11768  0.03012  0.00016  0.44430  0.00223  0.04444  0.04461  0.04443  0.00000  0.07005  0.00000  0.00000  0.00000  0.00000  0.00000  0.00000  0.00000  0.00000  0.00000  0.00000  0.00000  0.00000  0.00000  0.00000  
0.10000  2.60000  2.60000  -0.00931  0.05964  0.02970  0.00016  0.43941  0.00223  0.04446  0.04451  0.04445  0.00000  0.06993  0.00000  0.00000  0.00000  0.00000  0.00000  0.00000  0.00000  0.00000  0.00000  0.00000  0.00000  0.00000  0.00000  0.00000  
