B t w E C M M2 Binder Y QQ JJ
0.00000  0.60000  2.60000  0.11817  0.23249  0.01509  0.00003  0.50487  0.00000  0.01732  0.05787  0.00812  0.00000  0.03069  0.00000  1.09955  0.40140  0.00000  0.00000  0.00000  0.00000  0.00000  0.00000  0.00201  0.94990  0.11444  0.11187  0.11174  0.11241  0.10051  0.01788  0.40140  
0.00000  0.80000  2.60000  0.11775  0.23446  0.01444  0.00003  0.49597  0.00000  0.01727  0.04715  0.00812  0.00000  0.03119  0.00000  1.15558  0.40121  0.00000  0.00000  0.00000  0.00000  0.00000  0.00000  0.00189  0.73204  0.11412  0.11159  0.11169  0.11222  0.07906  0.01783  0.40121  
0.00000  1.00000  2.60000  0.11375  0.25262  0.01733  0.00003  0.53627  0.00000  0.01707  0.03635  0.00814  0.00000  0.03179  0.00000  1.33104  0.39984  0.00000  0.00000  0.00000  0.00000  0.00000  0.00000  0.00175  0.58843  0.11382  0.11138  0.11125  0.11209  0.06331  0.01784  0.39984  
0.00000  1.20000  2.60000  0.10609  0.27953  0.01545  0.00003  0.50861  0.00000  0.01727  0.03554  0.00809  0.00000  0.03287  0.00000  1.63824  0.39861  0.00000  0.00000  0.00000  0.00000  0.00000  0.00000  0.00158  0.47479  0.11399  0.11084  0.11096  0.11240  0.05275  0.01786  0.39861  
0.00000  1.40000  2.60000  0.09107  0.32346  0.01630  0.00003  0.52069  0.00000  0.01705  0.02680  0.00812  0.00000  0.03479  0.00000  2.08606  0.39524  0.00000  0.00000  0.00000  0.00000  0.00000  0.00000  0.00139  0.36351  0.11356  0.11033  0.11008  0.11219  0.04141  0.01779  0.39524  
0.00000  1.60000  2.60000  0.06921  0.34659  0.01762  0.00003  0.53617  0.00000  0.01689  0.01987  0.00816  0.00000  0.03933  0.00000  2.43839  0.38661  0.00000  0.00000  0.00000  0.00000  0.00000  0.00000  0.00107  0.26412  0.11307  0.10852  0.10844  0.11201  0.03065  0.01780  0.38661  
0.00000  1.80000  2.60000  0.04544  0.32962  0.01786  0.00004  0.52823  0.00000  0.01674  0.01522  0.00815  0.00000  0.05252  0.00000  2.30179  0.35606  0.00000  0.00000  0.00000  0.00000  0.00000  0.00000  0.00072  0.17124  0.11293  0.10369  0.10361  0.11220  0.02132  0.01780  0.35606  
0.00000  2.00000  2.60000  0.02813  0.22168  0.01858  0.00005  0.49905  0.00000  0.01651  0.01333  0.00813  0.00000  0.09388  0.00000  1.32740  0.28748  0.00000  0.00000  0.00000  0.00000  0.00000  0.00000  0.00046  0.10881  0.11273  0.09331  0.09330  0.11226  0.01536  0.01772  0.28748  
0.00000  2.20000  2.60000  0.02091  0.14244  0.01986  0.00006  0.49802  0.00000  0.01638  0.01266  0.00813  0.00000  0.12223  0.00000  0.61669  0.24556  0.00000  0.00000  0.00000  0.00000  0.00000  0.00000  0.00034  0.09204  0.11262  0.08755  0.08759  0.11226  0.01365  0.01769  0.24556  
0.00000  2.40000  2.60000  0.01819  0.11750  0.01923  0.00006  0.49341  0.00000  0.01633  0.01396  0.00814  0.00000  0.12322  0.00000  0.39839  0.24427  0.00000  0.00000  0.00000  0.00000  0.00000  0.00000  0.00029  0.09287  0.11249  0.08849  0.08839  0.11219  0.01435  0.01769  0.24427  
0.00000  2.60000  2.60000  0.01533  0.10154  0.02165  0.00007  0.50766  0.00000  0.01626  0.01142  0.00812  0.00000  0.14715  0.00000  0.26296  0.20830  0.00000  0.00000  0.00000  0.00000  0.00000  0.00000  0.00024  0.08350  0.11254  0.08299  0.08298  0.11229  0.01267  0.01767  0.20830  
0.00000  2.80000  2.60000  0.01409  0.09334  0.02175  0.00007  0.50334  0.00000  0.01625  0.01238  0.00814  0.00000  0.15116  0.00000  0.19939  0.20017  0.00000  0.00000  0.00000  0.00000  0.00000  0.00000  0.00022  0.08101  0.11245  0.08116  0.08119  0.11222  0.01232  0.01768  0.20017  
0.00000  3.00000  2.60000  0.01296  0.09009  0.02306  0.00007  0.51570  0.00000  0.01621  0.01053  0.00813  0.00000  0.16260  0.00000  0.16088  0.18613  0.00000  0.00000  0.00000  0.00000  0.00000  0.00000  0.00020  0.07921  0.11253  0.07970  0.07962  0.11232  0.01203  0.01768  0.18613  
0.00000  3.20000  2.60000  0.01248  0.08372  0.02186  0.00007  0.50178  0.00000  0.01621  0.01280  0.00813  0.00000  0.15396  0.00000  0.12981  0.19457  0.00000  0.00000  0.00000  0.00000  0.00000  0.00000  0.00019  0.07915  0.11267  0.07945  0.07952  0.11247  0.01208  0.01767  0.19457  
