B t w E C M M2 Binder Y QQ JJ
0.00000  1.40000  2.60000  0.14535  0.49313  0.04204  0.00022  0.51645  0.00000  0.04239  0.04670  0.01983  0.00000  0.07547  0.38986  2.10749  0.36352  0.41029  -0.11098  -0.00011  0.05911  0.00001  -0.00026  1.00000  0.00000  0.00000  0.00000  0.00000  
0.00000  1.60000  2.60000  0.10839  0.55025  0.04248  0.00023  0.51500  0.00000  0.04206  0.03803  0.01979  0.00000  0.08614  0.28798  2.52992  0.33680  0.40776  -0.10983  -0.00062  0.06767  -0.00002  0.00019  1.00000  0.00000  0.00000  0.00000  0.00000  
0.00000  1.80000  2.60000  0.06550  0.53465  0.04496  0.00028  0.50425  0.00000  0.04097  0.02919  0.01970  0.00000  0.12212  0.18429  2.47673  0.27085  0.37317  -0.08770  0.00015  0.09489  0.00011  0.00024  1.00000  0.00000  0.00000  0.00000  0.00000  
0.00000  1.90000  2.60000  0.04833  0.37012  0.04641  0.00031  0.49825  0.00000  0.04063  0.02635  0.01980  0.00000  0.15077  0.14985  1.57224  0.22679  0.34253  -0.07471  0.00001  0.11757  0.00025  0.00066  1.00000  0.00000  0.00000  0.00000  0.00000  
0.00000  1.95000  2.60000  0.04215  0.31179  0.04757  0.00033  0.50016  0.00000  0.04042  0.02539  0.01979  0.00000  0.16255  0.13801  1.25044  0.20977  0.32733  -0.06794  0.00002  0.12716  0.00065  0.00108  1.00000  0.00000  0.00000  0.00000  0.00000  
0.00000  2.00000  2.60000  0.03785  0.25336  0.04769  0.00033  0.49633  0.00000  0.04007  0.02477  0.01971  0.00000  0.17159  0.13113  0.95598  0.19590  0.31492  -0.06287  -0.00005  0.13491  -0.00025  -0.00033  1.00000  0.00000  0.00000  0.00000  0.00000  
0.00000  2.05000  2.60000  0.03489  0.23103  0.04866  0.00034  0.49870  0.00000  0.04013  0.02452  0.01979  0.00000  0.17686  0.12804  0.84019  0.18826  0.30799  -0.06149  -0.00004  0.13887  0.00036  0.00115  1.00000  0.00000  0.00000  0.00000  0.00000  
0.00000  2.10000  2.60000  0.03237  0.21119  0.04907  0.00035  0.49985  0.00000  0.03997  0.02422  0.01970  0.00000  0.18268  0.12436  0.73209  0.17853  0.30052  -0.05938  -0.00013  0.14299  -0.00019  -0.00056  1.00000  0.00000  0.00000  0.00000  0.00000  
0.00000  2.20000  2.60000  0.02837  0.17397  0.04986  0.00036  0.50221  0.00000  0.03978  0.02381  0.01971  0.00000  0.19216  0.11979  0.52822  0.16386  0.28968  -0.05646  -0.00008  0.15163  0.00020  0.00022  1.00000  0.00000  0.00000  0.00000  0.00000  
0.00000  2.40000  2.60000  0.02333  0.13552  0.05107  0.00038  0.50381  0.00000  0.03962  0.02341  0.01974  0.00000  0.20440  0.11540  0.31814  0.14426  0.27620  -0.05424  -0.00031  0.16032  -0.00026  -0.00087  1.00000  0.00000  0.00000  0.00000  0.00000  
0.00000  2.60000  2.60000  0.02071  0.12007  0.05130  0.00039  0.50138  0.00000  0.03948  0.02324  0.01974  0.00000  0.21171  0.11264  0.23483  0.13081  0.26560  -0.05221  -0.00005  0.16685  -0.00028  -0.00059  1.00000  0.00000  0.00000  0.00000  0.00000  
