B t w E C M M2 Binder Y QQ JJ
0.00000  1.40000  2.60000  0.11147  0.37839  0.02621  0.00008  0.53391  0.00000  0.02557  0.03215  0.01219  0.00000  0.04886  0.37362  2.06632  0.36610  0.41102  -0.11208  -0.00044  0.03841  -0.00002  -0.00048  1.00000  0.00000  0.00000  0.00000  0.00000  
0.00000  1.60000  2.60000  0.08433  0.42748  0.02647  0.00008  0.53303  0.00000  0.02538  0.02565  0.01216  0.00000  0.05526  0.27076  2.51802  0.34123  0.40713  -0.10950  -0.00056  0.04342  -0.00006  -0.00028  1.00000  0.00000  0.00000  0.00000  0.00000  
0.00000  1.80000  2.60000  0.05355  0.42139  0.02716  0.00009  0.52214  0.00000  0.02504  0.01951  0.01215  0.00000  0.07799  0.17460  2.51986  0.28575  0.37994  -0.09232  0.00004  0.06121  -0.00013  -0.00030  1.00000  0.00000  0.00000  0.00000  0.00000  
0.00000  1.90000  2.60000  0.04030  0.34551  0.02818  0.00011  0.50859  0.00000  0.02479  0.01695  0.01213  0.00000  0.10395  0.13422  1.99108  0.24479  0.34515  -0.07341  0.00027  0.08205  -0.00028  -0.00114  1.00000  0.00000  0.00000  0.00000  0.00000  
0.00000  1.95000  2.60000  0.03458  0.27724  0.02934  0.00012  0.50893  0.00000  0.02469  0.01592  0.01215  0.00000  0.12105  0.11768  1.50718  0.22257  0.31931  -0.06153  0.00026  0.09534  0.00001  -0.00006  1.00000  0.00000  0.00000  0.00000  0.00000  
0.00000  2.00000  2.60000  0.03080  0.22498  0.02999  0.00012  0.50702  0.00000  0.02463  0.01529  0.01214  0.00000  0.13352  0.10799  1.10997  0.20598  0.30121  -0.05427  -0.00020  0.10376  -0.00007  -0.00025  1.00000  0.00000  0.00000  0.00000  0.00000  
0.00000  2.05000  2.60000  0.02819  0.19895  0.03019  0.00013  0.50493  0.00000  0.02461  0.01502  0.01216  0.00000  0.14252  0.10327  0.92775  0.19514  0.28921  -0.05062  -0.00026  0.11137  0.00047  0.00141  1.00000  0.00000  0.00000  0.00000  0.00000  
0.00000  2.10000  2.60000  0.02601  0.17264  0.03071  0.00013  0.50547  0.00000  0.02447  0.01477  0.01212  0.00000  0.14947  0.09972  0.73821  0.18369  0.27897  -0.04796  0.00040  0.11823  0.00035  0.00103  1.00000  0.00000  0.00000  0.00000  0.00000  
0.00000  2.20000  2.60000  0.02287  0.14739  0.03210  0.00014  0.51484  0.00000  0.02440  0.01450  0.01212  0.00000  0.16065  0.09568  0.54534  0.16767  0.26476  -0.04476  -0.00023  0.12614  -0.00006  -0.00048  1.00000  0.00000  0.00000  0.00000  0.00000  
0.00000  2.40000  2.60000  0.01918  0.11964  0.03230  0.00015  0.50864  0.00000  0.02432  0.01424  0.01212  0.00000  0.17379  0.09146  0.33856  0.14722  0.24586  -0.04138  0.00018  0.13723  0.00023  0.00057  1.00000  0.00000  0.00000  0.00000  0.00000  
0.00000  2.60000  2.60000  0.01697  0.10345  0.03301  0.00015  0.51096  0.00000  0.02422  0.01409  0.01209  0.00000  0.18245  0.08942  0.23664  0.13353  0.23382  -0.03925  0.00004  0.14380  0.00036  0.00086  1.00000  0.00000  0.00000  0.00000  0.00000  
