B t w E C M M2 Binder Y QQ JJ
0.00000  2.60000  2.60000  0.02059  0.11892  0.05201  0.00038  0.50653  0.00000  0.03940  0.02319  0.01971  0.00000  0.21147  0.11278  0.22859  0.13057  0.26521  -0.05208  -0.00021  0.00110  -0.00054  0.00000  0.00027  0.11278  0.14168  0.11214  0.11244  0.14142  0.11237  0.00592  0.00026  0.00013  0.04709  0.00525  0.04697  0.00529  0.00012  0.00000  0.00000  
0.00000  2.60000  2.60000  0.01858  0.13405  0.04424  0.00035  0.45594  0.00000  0.03939  0.02399  0.01967  0.05000  0.21930  0.11382  0.24086  0.12970  0.26650  -0.05352  -0.00008  -0.01294  -0.01171  0.00000  0.00027  0.11382  0.14163  0.11268  0.11255  0.14129  0.11293  0.00614  0.00034  0.00013  0.04724  0.00527  0.04710  0.00532  0.00013  0.00000  0.00000  
0.00000  2.60000  2.60000  0.01974  0.15492  0.03610  0.00024  0.43944  0.00000  0.03965  0.03057  0.01986  0.10000  0.20927  0.12441  0.28607  0.14026  0.30415  -0.07085  -0.00038  -0.01291  -0.01234  0.00000  0.00044  0.12441  0.14194  0.11784  0.11761  0.14151  0.11829  0.00889  0.00043  0.00017  0.04713  0.00639  0.04697  0.00642  0.00017  0.00000  0.00000  
0.00000  2.60000  2.60000  0.00308  0.16035  0.03217  0.00019  0.43264  0.00000  0.03912  0.02404  0.01956  0.20000  0.26338  0.11123  0.23349  0.11810  0.23878  -0.04716  0.00012  -0.01811  -0.01684  0.00000  0.00054  0.11123  0.14183  0.10922  0.10913  0.14156  0.10976  0.00585  0.00028  0.00013  0.04713  0.00453  0.04702  0.00457  0.00013  0.00000  0.00000  
0.00000  2.60000  2.60000  -0.02644  0.11527  0.02861  0.00015  0.43646  0.00000  0.03865  0.02142  0.01932  0.40000  0.31710  0.10263  0.14571  0.09732  0.19032  -0.03236  -0.00005  -0.01815  -0.01716  0.00000  0.00035  0.10263  0.14157  0.10315  0.10317  0.14130  0.10347  0.00354  0.00026  0.00010  0.04725  0.00309  0.04714  0.00314  0.00010  0.00000  0.00000  
0.00000  2.60000  2.60000  -0.05769  0.11060  0.02697  0.00013  0.43857  0.00000  0.03829  0.02075  0.01914  0.60000  0.35755  0.09925  0.11337  0.08279  0.16492  -0.02652  0.00009  -0.01661  -0.01593  0.00000  0.00024  0.09925  0.14135  0.10028  0.09991  0.14110  0.10049  0.00263  0.00023  0.00010  0.04733  0.00233  0.04724  0.00239  0.00009  0.00000  0.00000  
0.00000  2.60000  2.60000  -0.09253  0.11850  0.02616  0.00012  0.44084  0.00000  0.03802  0.02032  0.01900  0.80000  0.39331  0.09705  0.09512  0.07097  0.14484  -0.02294  0.00004  -0.01517  -0.01465  0.00000  0.00023  0.09705  0.14188  0.09777  0.09761  0.14164  0.09800  0.00206  0.00023  0.00009  0.04698  0.00179  0.04690  0.00185  0.00009  0.00000  0.00000  
0.00000  2.60000  2.60000  -0.13098  0.12889  0.02559  0.00012  0.43973  0.00000  0.03775  0.01992  0.01884  1.00000  0.42678  0.09546  0.07803  0.05942  0.12716  -0.01980  0.00018  -0.01371  -0.01334  0.00000  0.00022  0.09546  0.14139  0.09573  0.09591  0.14117  0.09593  0.00161  0.00022  0.00008  0.04705  0.00137  0.04697  0.00143  0.00008  0.00000  0.00000  
0.00000  2.60000  2.60000  -0.17173  0.21680  0.02519  0.00011  0.44209  0.00000  0.03748  0.02019  0.01874  1.20000  0.45852  0.09493  0.12994  0.05049  0.11173  -0.01788  -0.00011  -0.01254  -0.01223  0.00000  0.00032  0.09493  0.14160  0.09428  0.09426  0.14136  0.09460  0.00206  0.00024  0.00010  0.04730  0.00112  0.04721  0.00119  0.00009  0.00000  0.00000  
0.00000  2.60000  2.60000  -0.21811  0.16507  0.02492  0.00011  0.44454  0.00000  0.03719  0.01940  0.01860  1.40000  0.48948  0.09225  0.05934  0.04103  0.09727  -0.01506  0.00001  -0.01134  -0.01117  0.00000  0.00021  0.09225  0.14154  0.09237  0.09247  0.14132  0.09257  0.00100  0.00022  0.00008  0.04711  0.00078  0.04704  0.00084  0.00008  0.00000  0.00000  
0.00000  2.60000  2.60000  -0.26667  0.18458  0.02467  0.00011  0.44129  0.00000  0.03689  0.01915  0.01845  1.60000  0.51854  0.09084  0.05532  0.03349  0.08419  -0.01313  -0.00006  -0.01011  -0.01002  0.00000  0.00021  0.09084  0.14205  0.09098  0.09095  0.14184  0.09117  0.00080  0.00022  0.00007  0.04718  0.00058  0.04709  0.00064  0.00008  0.00000  0.00000  
0.00000  2.60000  2.60000  -0.31698  0.24935  0.02443  0.00011  0.44268  0.00000  0.03675  0.01963  0.01837  1.80000  0.54650  0.09040  0.07011  0.02683  0.07284  -0.01151  0.00001  -0.00917  -0.00926  0.00000  0.00078  0.09040  0.14203  0.08974  0.08959  0.14121  0.09053  0.00142  0.00081  0.00009  0.04725  0.00043  0.04715  0.00051  0.00009  0.00000  0.00000  
0.00000  2.60000  2.60000  -0.37223  0.22940  0.02427  0.00011  0.44344  0.00000  0.03658  0.01876  0.01829  2.00000  0.57299  0.08871  0.04635  0.02112  0.06280  -0.00990  0.00009  -0.00838  -0.00822  0.00000  0.00021  0.08871  0.14164  0.08852  0.08867  0.14144  0.08873  0.00053  0.00021  0.00008  0.04715  0.00031  0.04707  0.00038  0.00007  0.00000  0.00000  
