B t w E C M M2 Binder Y QQ JJ
0.00000  2.60000  2.60000  0.01870  0.11194  0.02998  0.00013  0.50199  0.00000  0.02429  0.01770  0.01216  0.00000  0.15773  0.09966  0.26819  0.14115  0.28575  -0.06048  -0.00011  -0.00032  0.00035  0.00000  0.00027  0.09966  0.12227  0.09653  0.09680  0.12200  0.09678  0.00731  0.00026  0.00009  0.02768  0.00362  0.02759  0.00364  0.00009  0.00000  0.00000  
0.00000  2.60000  2.60000  0.01877  0.12205  0.02166  0.00009  0.44068  0.00000  0.02435  0.02120  0.01218  0.05000  0.15853  0.10968  0.29741  0.14620  0.32661  -0.07950  -0.00000  -0.00613  -0.00562  0.00000  0.00029  0.10968  0.12227  0.10172  0.10198  0.12197  0.10203  0.00896  0.00029  0.00010  0.02773  0.00397  0.02764  0.00398  0.00010  0.00000  0.00000  
0.00000  2.60000  2.60000  0.01286  0.10765  0.01944  0.00007  0.43338  0.00000  0.02420  0.01735  0.01208  0.10000  0.20583  0.09761  0.24340  0.13275  0.25754  -0.05400  0.00015  -0.01011  -0.00936  0.00000  0.00027  0.09761  0.12216  0.09351  0.09368  0.12191  0.09377  0.00722  0.00026  0.00009  0.02763  0.00329  0.02754  0.00331  0.00008  0.00000  0.00000  
0.00000  2.60000  2.60000  0.00756  0.11873  0.01697  0.00005  0.43601  0.00000  0.02425  0.02178  0.01211  0.20000  0.23138  0.09651  0.25825  0.13340  0.24662  -0.05016  -0.00038  -0.01042  -0.00971  0.00000  0.00030  0.09651  0.12185  0.09241  0.09240  0.12155  0.09269  0.00774  0.00029  0.00011  0.02771  0.00350  0.02760  0.00351  0.00010  0.00000  0.00000  
0.00000  2.60000  2.60000  -0.01812  0.12266  0.01568  0.00004  0.43977  0.00000  0.02391  0.01368  0.01194  0.40000  0.30704  0.08254  0.17683  0.09874  0.16066  -0.02324  -0.00018  -0.01095  -0.01035  0.00000  0.00026  0.08254  0.12230  0.08230  0.08239  0.12201  0.08252  0.00413  0.00027  0.00007  0.02772  0.00190  0.02765  0.00194  0.00007  0.00000  0.00000  
0.00000  2.60000  2.60000  -0.03983  0.22083  0.01502  0.00004  0.44318  0.00000  0.02378  0.01461  0.01188  0.60000  0.34731  0.08391  0.27356  0.08798  0.14489  -0.02282  0.00006  -0.00959  -0.00931  0.00000  0.00028  0.08391  0.12229  0.08101  0.08098  0.12193  0.08131  0.00493  0.00035  0.00008  0.02755  0.00168  0.02747  0.00172  0.00008  0.00000  0.00000  
0.00000  2.60000  2.60000  -0.06727  0.14737  0.01465  0.00004  0.43904  0.00000  0.02363  0.01324  0.01182  0.80000  0.38668  0.07927  0.15171  0.07197  0.11750  -0.01568  -0.00002  -0.00892  -0.00884  0.00000  0.00033  0.07927  0.12247  0.07811  0.07790  0.12195  0.07846  0.00362  0.00048  0.00006  0.02757  0.00113  0.02749  0.00117  0.00007  0.00000  0.00000  
0.00000  2.60000  2.60000  -0.09712  0.10950  0.01442  0.00004  0.44503  0.00000  0.02349  0.01225  0.01174  1.00000  0.42161  0.07551  0.08132  0.05981  0.09984  -0.01178  -0.00001  -0.00819  -0.00799  0.00000  0.00020  0.07551  0.12235  0.07626  0.07626  0.12215  0.07644  0.00156  0.00020  0.00005  0.02759  0.00080  0.02754  0.00084  0.00005  0.00000  0.00000  
0.00000  2.60000  2.60000  -0.12850  0.12299  0.01424  0.00004  0.44166  0.00000  0.02341  0.01215  0.01171  1.20000  0.45388  0.07469  0.07096  0.05004  0.08637  -0.01037  0.00003  -0.00731  -0.00731  0.00000  0.00024  0.07469  0.12195  0.07509  0.07515  0.12176  0.07530  0.00128  0.00020  0.00005  0.02760  0.00061  0.02756  0.00065  0.00005  0.00000  0.00000  
0.00000  2.60000  2.60000  -0.16220  0.15503  0.01409  0.00004  0.44350  0.00000  0.02324  0.01225  0.01162  1.40000  0.48480  0.07372  0.06525  0.04107  0.07434  -0.00909  -0.00006  -0.00666  -0.00660  0.00000  0.00028  0.07372  0.12197  0.07407  0.07396  0.12176  0.07434  0.00109  0.00020  0.00005  0.02762  0.00045  0.02758  0.00049  0.00005  0.00000  0.00000  
0.00000  2.60000  2.60000  -0.19897  0.15058  0.01400  0.00004  0.44147  0.00000  0.02315  0.01189  0.01158  1.60000  0.51425  0.07287  0.05431  0.03346  0.06347  -0.00778  0.00000  -0.00603  -0.00589  0.00000  0.00019  0.07287  0.12203  0.07304  0.07310  0.12185  0.07323  0.00076  0.00018  0.00004  0.02764  0.00034  0.02759  0.00038  0.00004  0.00000  0.00000  
0.00000  2.60000  2.60000  -0.23758  0.16527  0.01393  0.00003  0.44452  0.00000  0.02304  0.01180  0.01153  1.80000  0.54230  0.07209  0.04934  0.02676  0.05393  -0.00684  -0.00005  -0.00549  -0.00523  0.00000  0.00019  0.07209  0.12194  0.07224  0.07221  0.12174  0.07241  0.00060  0.00018  0.00004  0.02774  0.00025  0.02770  0.00029  0.00004  0.00000  0.00000  
0.00000  2.60000  2.60000  -0.27812  0.18596  0.01385  0.00003  0.44506  0.00000  0.02292  0.01173  0.01146  2.00000  0.56898  0.07184  0.05345  0.02115  0.04576  -0.00599  0.00000  -0.00491  -0.00485  0.00000  0.00024  0.07184  0.12229  0.07144  0.07176  0.12205  0.07167  0.00062  0.00023  0.00004  0.02761  0.00018  0.02757  0.00022  0.00005  0.00000  0.00000  
